#group: free  frags first [ 2^0   2^1   2^2   2^3   2^4   2^5   2^6   2^7   2^8   2^9   2^10  2^11  2^12  2^13  ]
#0    : 40    40    30389 [ 40    0     0     0     0     0     0     0     0     0     0     0     0     0     ]
#1    : 963   962   745   [ 961   1     0     0     0     0     0     0     0     0     0     0     0     0     ]
#2    : 11    11    28282 [ 11    0     0     0     0     0     0     0     0     0     0     0     0     0     ]
#3    : 30    29    8367  [ 28    1     0     0     0     0     0     0     0     0     0     0     0     0     ]
#4    : 270   268   2175  [ 268   1     0     0     0     0     0     0     0     0     0     0     0     0     ]
#5    : 57    56    6208  [ 55    1     0     0     0     0     0     0     0     0     0     0     0     0     ]
#6    : 20124 93    10199 [ 92    0     0     0     0     0     1     0     0     1     1     1     0     2     ]
#7    : 75    74    10631 [ 73    1     0     0     0     0     0     0     0     0     0     0     0     0     ]
#8    : 153   152   1026  [ 151   1     0     0     0     0     0     0     0     0     0     0     0     0     ]
#9    : 55    55    2326  [ 55    0     0     0     0     0     0     0     0     0     0     0     0     0     ]
#10   : 131   130   2609  [ 129   1     0     0     0     0     0     0     0     0     0     0     0     0     ]
#11   : 206   205   6051  [ 204   1     0     0     0     0     0     0     0     0     0     0     0     0     ]
#12   : 493   492   702   [ 491   1     0     0     0     0     0     0     0     0     0     0     0     0     ]
#13   : 1295  1294  648   [ 1293  1     0     0     0     0     0     0     0     0     0     0     0     0     ]
#14   : 374   373   694   [ 372   1     0     0     0     0     0     0     0     0     0     0     0     0     ]
#15   : 469   468   630   [ 467   1     0     0     0     0     0     0     0     0     0     0     0     0     ]
#16   : 667   666   774   [ 665   1     0     0     0     0     0     0     0     0     0     0     0     0     ]
#17   : 100   98    2227  [ 98    1     0     0     0     0     0     0     0     0     0     0     0     0     ]
#18   : 12    10    13300 [ 10    1     0     0     0     0     0     0     0     0     0     0     0     0     ]
#19   : 49    47    4707  [ 47    1     0     0     0     0     0     0     0     0     0     0     0     0     ]
#20   : 16    15    8102  [ 14    1     0     0     0     0     0     0     0     0     0     0     0     0     ]
#21   : 43    42    21706 [ 41    1     0     0     0     0     0     0     0     0     0     0     0     0     ]
#22   : 288   287   661   [ 286   1     0     0     0     0     0     0     0     0     0     0     0     0     ]
#23   : 60    60    12603 [ 60    0     0     0     0     0     0     0     0     0     0     0     0     0     ]
