#group: free  frags first [ 2^0   2^1   2^2   2^3   2^4   2^5   2^6   2^7   2^8   2^9   2^10  2^11  2^12  2^13  ]
#0    : 24422 24    1542  [ 10    12    13    10    12    4     0     1     3     1     2     0     1     2     ]
#1    : 488   2     1540  [ 0     0     2     2     1     0     1     1     1     0     0     0     0     0     ]
#2    : 1     1     32767 [ 1     0     0     0     0     0     0     0     0     0     0     0     0     0     ]
#3    : 7744  12    1540  [ 6     7     9     9     8     4     5     5     3     3     4     0     0     0     ]
#4    : 2679  2     11656 [ 1     1     1     2     2     2     2     1     1     2     1     0     0     0     ]
#5    : 2618  823   2036  [ 472   27    349   75    6     0     0     0     0     0     0     0     0     0     ]
#6    : 2739  224   611   [ 191   64    15    17    13    9     7     4     3     0     0     0     0     0     ]
#7    : 13259 548   1563  [ 279   120   251   231   148   75    24    8     2     0     0     1     0     0     ]
#8    : 14691 83    528   [ 69    61    59    55    38    33    12    9     4     2     2     1     1     0     ]
#9    : 6461  33    1540  [ 15    15    20    20    12    1     3     1     0     3     4     0     0     0     ]
#10   : 26016 3     513   [ 2     3     2     2     2     1     1     0     1     0     1     0     0     3     ]
#11   : 26467 50    513   [ 9     43    41    44    26    17    9     4     5     2     1     0     1     2     ]
#12   : 28283 8     513   [ 9     11    7     8     8     8     6     4     5     2     2     1     1     2     ]
#13   : 7146  170   4575  [ 86    92    79    64    44    17    9     1     4     4     1     0     0     0     ]
#14   : 9941  150   4003  [ 99    97    88    92    63    32    26    12    13    0     0     0     0     0     ]
#15   : 7640  283   1278  [ 212   152   145   94    62    36    21    8     5     0     0     0     0     0     ]
#16   : 3815  156   583   [ 143   96    76    61    38    25    12    4     0     0     0     0     0     0     ]
#17   : 5882  155   2593  [ 90    20    14    68    44    27    18    11    4     0     0     0     0     0     ]
#18   : 3798  58    18166 [ 32    13    25    25    21    19    11    6     4     0     0     0     0     0     ]
#19   : 7150  196   526   [ 108   111   113   124   92    16    11    7     7     0     0     0     0     0     ]
#20   : 294   261   946   [ 262   0     0     0     0     1     0     0     0     0     0     0     0     0     ]
#21   : 8707  562   518   [ 437   327   178   123   62    30    18    8     7     0     0     0     0     0     ]
#22   : 3569  113   15866 [ 81    86    59    35    25    11    8     4     4     0     0     0     0     0     ]
#23   : 9293  192   541   [ 173   126   109   90    60    47    32    17    4     0     0     0     0     0     ]
#24   : 3833  232   818   [ 137   122   115   138   58    18    4     1     0     0     0     0     0     0     ]
#25   : 6122  83    7660  [ 58    50    45    35    26    27    14    14    6     0     0     0     0     0     ]
#26   : 2471  170   1142  [ 107   94    110   119   29    4     3     0     0     0     0     0     0     0     ]
#27   : 8371  200   1808  [ 127   46    84    71    49    30    16    15    10    0     0     0     0     0     ]
#28   : 7023  135   3952  [ 91    86    74    72    46    25    12    12    8     0     0     0     0     0     ]
#29   : 4686  58    8316  [ 40    29    23    20    29    17    8     10    6     0     0     0     0     0     ]
#30   : 8128  111   11552 [ 92    54    50    50    38    34    24    16    8     0     0     0     0     0     ]
#31   : 10090 122   8215  [ 98    82    75    71    52    38    16    20    13    0     0     0     0     0     ]
#32   : 5045  83    8190  [ 49    10    26    15    13    6     8     6     12    0     0     0     0     0     ]
#33   : 9703  95    8638  [ 63    40    38    38    39    31    23    17    15    0     0     0     0     0     ]
#34   : 12958 165   515   [ 116   79    87    62    52    32    30    27    18    0     0     0     0     0     ]
#35   : 2890  21    7936  [ 12    9     9     11    9     11    7     6     4     0     0     0     0     0     ]
#36   : 7691  94    2777  [ 67    38    53    41    28    23    19    10    13    0     0     0     0     0     ]
#37   : 10109 103   2176  [ 67    65    48    49    31    32    24    21    14    0     0     0     0     0     ]
#38   : 6485  64    4928  [ 47    41    45    34    27    19    18    15    7     0     0     0     0     0     ]
#39   : 1472  15    4976  [ 12    8     7     5     4     3     1     3     3     0     0     0     0     0     ]
#40   : 8046  298   6572  [ 280   149   61    39    28    30    18    14    10    0     0     0     0     0     ]
#41   : 24    2     6135  [ 2     1     1     2     0     0     0     0     0     0     0     0     0     0     ]
#42   : 4992  380   5369  [ 362   191   78    50    35    21    8     6     4     0     0     0     0     0     ]
#43   : 3093  47    1234  [ 31    29    35    22    14    9     8     7     3     0     0     0     0     0     ]
#44   : 2760  175   626   [ 146   67    22    21    19    10    7     3     3     0     0     0     0     0     ]
#45   : 3804  53    848   [ 50    35    27    23    12    8     8     7     6     0     0     0     0     0     ]
#46   : 4530  129   3840  [ 72    53    60    72    27    7     9     8     5     0     0     0     0     0     ]
#47   : 10970 247   2561  [ 226   110   79    86    53    27    24    23    13    0     0     0     0     0     ]
#48   : 5272  73    1093  [ 74    33    23    22    18    13    11    11    8     0     0     0     0     0     ]
#49   : 9618  96    1658  [ 86    60    53    40    47    34    24    21    11    0     0     0     0     0     ]
#50   : 4937  32    3772  [ 23    19    19    22    23    19    15    13    4     0     0     0     0     0     ]
#51   : 5858  54    647   [ 40    37    26    23    23    21    17    10    8     0     0     0     0     0     ]
#52   : 12149 100   5381  [ 75    77    54    45    45    42    37    18    18    0     0     0     0     0     ]
#53   : 3537  78    1645  [ 71    33    26    26    17    12    12    5     4     0     0     0     0     0     ]
#54   : 3464  25    20960 [ 18    15    14    14    17    11    11    7     4     0     0     0     0     0     ]
#55   : 5072  103   1234  [ 58    29    49    49    25    14    11    10    6     0     0     0     0     0     ]
#56   : 5134  68    633   [ 52    33    28    21    22    17    12    10    7     0     0     0     0     0     ]
#57   : 6385  63    1536  [ 25    34    19    23    33    26    29    10    6     0     0     0     0     0     ]
#58   : 6931  115   1472  [ 73    65    66    56    52    36    27    8     5     0     0     0     0     0     ]
#59   : 4234  189   1018  [ 152   123   63    60    30    10    10    5     4     0     0     0     0     0     ]
#60   : 10675 123   516   [ 107   80    74    66    43    54    28    18    12    0     0     0     0     0     ]
#61   : 6543  87    940   [ 59    52    47    40    33    27    22    8     8     0     0     0     0     0     ]
#62   : 6091  165   732   [ 97    81    90    78    67    14    10    7     7     0     0     0     0     0     ]
#63   : 2281  29    25232 [ 25    20    16    19    13    10    7     4     2     0     0     0     0     0     ]
#64   : 14043 232   520   [ 139   88    96    70    65    49    39    26    17    0     0     0     0     0     ]
#65   : 3439  39    972   [ 29    15    5     10    7     11    10    11    3     0     0     0     0     0     ]
#66   : 8995  111   516   [ 83    66    51    48    40    22    25    15    13    0     0     0     0     0     ]
#67   : 7448  235   583   [ 206   109   92    68    54    40    20    11    5     0     0     0     0     0     ]
#68   : 3869  82    12032 [ 69    46    25    29    23    10    14    8     3     0     0     0     0     0     ]
#69   : 2148  19    12277 [ 14    7     8     13    10    9     2     3     4     0     0     0     0     0     ]
#70   : 631   7     514   [ 3     6     2     4     4     2     3     2     0     0     0     0     0     0     ]
#71   : 1299  14    15344 [ 7     4     9     8     6     8     5     2     1     0     0     0     0     0     ]
#72   : 2107  22    7420  [ 19    6     9     5     5     6     5     5     3     0     0     0     0     0     ]
#73   : 1477  11    1912  [ 13    6     5     9     5     2     3     4     2     0     0     0     0     0     ]
#74   : 4125  133   1760  [ 129   76    39    33    26    14    16    6     3     0     0     0     0     0     ]
#75   : 4577  124   1351  [ 121   54    43    30    26    18    14    10    3     0     0     0     0     0     ]
#76   : 5602  65    561   [ 34    6     25    30    26    20    11    9     9     0     0     0     0     0     ]
#77   : 10432 273   714   [ 238   127   97    64    57    48    33    21    7     0     0     0     0     0     ]
#78   : 5087  53    16768 [ 45    23    23    19    15    15    11    12    7     0     0     0     0     0     ]
#79   : 3258  66    513   [ 52    45    39    32    21    30    16    3     0     0     0     0     0     0     ]
#80   : 263   56    10340 [ 47    24    18    10    1     0     0     0     0     0     0     0     0     0     ]
#81   : 509   10    31177 [ 5     4     4     4     4     6     1     1     0     0     0     0     0     0     ]
#82   : 4202  43    841   [ 34    36    32    26    27    18    11    6     5     0     0     0     0     0     ]
#83   : 16943 240   672   [ 219   202   176   162   125   91    55    36    5     0     0     0     0     0     ]
#84   : 381   15    625   [ 13    8     8     4     0     1     2     1     0     0     0     0     0     0     ]
#85   : 1893  23    4096  [ 21    18    15    12    5     6     4     3     3     0     0     0     0     0     ]
#86   : 5730  46    514   [ 30    22    28    23    15    16    16    4     12    0     0     0     0     0     ]
#87   : 7085  61    1024  [ 59    49    36    40    30    25    15    11    11    0     0     0     0     0     ]
#88   : 4002  26    514   [ 24    17    20    19    18    13    9     5     7     0     0     0     0     0     ]
#89   : 4600  25    9856  [ 16    14    13    13    19    12    12    7     8     0     0     0     0     0     ]
#90   : 20020 121   519   [ 98    93    78    82    69    76    60    37    26    0     0     0     0     0     ]
#91   : 11103 115   7676  [ 77    71    57    60    48    34    26    16    18    0     0     0     0     0     ]
#92   : 13461 110   513   [ 89    76    77    56    53    47    34    30    16    0     0     0     0     0     ]
#93   : 18889 170   1024  [ 113   90    83    79    76    59    49    35    27    0     0     0     0     0     ]
#94   : 13855 166   520   [ 137   97    85    76    58    36    38    29    17    0     0     0     0     0     ]
#95   : 5762  218   514   [ 194   118   63    45    33    23    24    9     3     0     0     0     0     0     ]
#96   : 561   26    718   [ 11    13    3     0     0     2     5     1     0     0     0     0     0     0     ]
#97   : 952   45    6258  [ 36    20    7     4     5     3     6     2     0     0     0     0     0     0     ]
#98   : 687   27    6609  [ 27    10    6     3     5     2     1     1     1     0     0     0     0     0     ]
#99   : 5359  37    3312  [ 27    26    22    15    21    14    11    10    9     0     0     0     0     0     ]
#100  : 4271  86    1162  [ 55    46    37    37    20    3     3     6     9     0     0     0     0     0     ]
#101  : 397   2     513   [ 3     1     2     2     1     1     1     2     0     0     0     0     0     0     ]
#102  : 3104  63    514   [ 48    44    38    24    20    10    7     4     4     0     0     0     0     0     ]
#103  : 13157 134   1532  [ 109   94    91    90    54    45    32    22    18    0     0     0     0     0     ]
#104  : 9178  111   528   [ 106   70    55    45    40    31    27    21    9     0     0     0     0     0     ]
#105  : 111   21    516   [ 15    6     3     5     0     1     0     0     0     0     0     0     0     0     ]
#106  : 1285  59    516   [ 43    27    21    22    16    7     5     1     0     0     0     0     0     0     ]
#107  : 4863  42    538   [ 31    32    28    28    21    14    11    11    6     0     0     0     0     0     ]
#108  : 10739 239   2442  [ 205   119   72    63    54    42    22    18    14    0     0     0     0     0     ]
#109  : 16703 192   988   [ 183   144   120   95    79    45    50    29    21    0     0     0     0     0     ]
#110  : 7380  73    513   [ 60    38    39    38    28    20    23    13    10    0     0     0     0     0     ]
#111  : 3960  28    3467  [ 22    21    20    19    17    14    10    6     6     0     0     0     0     0     ]
#112  : 10786 101   636   [ 80    81    66    61    52    38    35    21    11    0     0     0     0     0     ]
#113  : 1115  14    513   [ 9     9     8     6     5     1     4     1     2     0     0     0     0     0     ]
#114  : 14705 162   2048  [ 135   103   81    81    67    49    36    34    16    0     0     0     0     0     ]
#115  : 19016 247   513   [ 208   174   159   140   98    41    44    38    24    0     0     0     0     0     ]
#116  : 19973 187   528   [ 139   129   132   123   93    64    49    39    25    0     0     0     0     0     ]
#117  : 14188 259   522   [ 222   163   136   127   81    49    34    23    16    0     0     0     0     0     ]
#118  : 15625 224   536   [ 199   157   130   114   83    58    36    30    17    0     0     0     0     0     ]
#119  : 15207 198   513   [ 193   153   113   110   76    60    50    25    15    0     0     0     0     0     ]
#120  : 15564 311   513   [ 278   237   193   163   96    58    40    27    13    0     0     0     0     0     ]
#121  : 10026 193   960   [ 150   134   118   106   82    40    17    8     14    0     0     0     0     0     ]
#122  : 20045 307   689   [ 287   225   205   163   120   79    49    31    22    0     0     0     0     0     ]
#123  : 10153 323   860   [ 315   137   73    55    38    37    22    16    12    1     0     0     0     0     ]
#124  : 4187  35    1533  [ 35    22    9     9     4     7     4     5     5     1     1     0     0     0     ]
#125  : 4332  9     15182 [ 8     8     5     4     6     4     1     1     3     2     0     1     0     0     ]
#126  : 6291  146   2560  [ 113   61    56    35    35    16    16    13    7     0     0     0     0     0     ]
#127  : 10194 474   514   [ 472   173   62    43    31    21    13    7     5     1     0     2     0     0     ]
#128  : 7929  188   513   [ 155   95    38    29    16    17    16    12    5     1     0     1     0     0     ]
#129  : 3242  38    513   [ 30    18    12    15    8     12    3     4     1     1     1     0     0     0     ]
#130  : 4957  86    550   [ 67    43    27    23    22    20    13    5     6     1     0     0     0     0     ]
#131  : 10509 93    513   [ 63    55    58    49    41    15    12    7     9     3     3     0     0     0     ]
#132  : 8456  149   514   [ 84    78    90    94    44    6     7     7     3     4     2     0     0     0     ]
#133  : 7108  51    513   [ 28    26    35    35    17    2     4     3     8     1     3     0     0     0     ]
#134  : 4526  27    5328  [ 12    15    15    19    11    8     6     3     2     3     1     0     0     0     ]
#135  : 5286  223   513   [ 114   148   129   161   88    6     1     1     1     0     1     0     0     0     ]
#136  : 4046  167   513   [ 92    97    84    98    71    3     2     2     2     1     0     0     0     0     ]
#137  : 9927  86    513   [ 51    40    57    48    26    12    13    5     7     6     2     0     0     0     ]
#138  : 2178  88    518   [ 50    50    49    59    15    9     3     1     0     1     0     0     0     0     ]
#139  : 3515  124   513   [ 67    70    57    73    48    0     1     1     0     1     1     0     0     0     ]
#140  : 1858  106   515   [ 60    43    70    73    27    1     0     1     1     0     0     0     0     0     ]
#141  : 7438  52    529   [ 32    35    26    26    13    9     10    2     2     2     4     0     0     0     ]
#142  : 6417  191   513   [ 97    106   119   104   48    8     5     5     5     3     0     0     0     0     ]
#143  : 4069  22    4515  [ 17    18    18    15    13    11    11    6     5     1     0     0     0     0     ]
#144  : 9845  70    513   [ 31    29    35    36    29    23    15    6     7     1     4     0     0     0     ]
#145  : 4617  17    514   [ 9     12    16    9     8     7     6     5     4     0     2     0     0     0     ]
#146  : 6305  16    525   [ 9     12    10    9     7     9     6     6     6     2     2     0     0     0     ]
#147  : 2758  35    513   [ 24    15    20    18    21    13    3     4     2     1     0     0     0     0     ]
#148  : 6066  106   514   [ 66    62    67    83    17    10    8     6     2     1     2     0     0     0     ]
#149  : 6601  15    513   [ 5     8     9     10    6     7     6     3     3     3     3     0     0     0     ]
#150  : 4938  18    518   [ 8     11    7     6     4     7     7     6     3     1     2     0     0     0     ]
#151  : 7213  12    513   [ 5     6     9     5     5     6     5     3     6     3     3     0     0     0     ]
#152  : 10633 17    4566  [ 7     13    10    8     6     1     2     2     3     2     2     1     1     0     ]
#153  : 17295 17    946   [ 11    10    8     14    10    6     4     3     5     3     3     1     0     1     ]
#154  : 30932 7     514   [ 2     5     6     4     3     7     6     2     1     2     2     1     2     2     ]
#155  : 26080 4     513   [ 2     3     2     2     2     1     2     2     2     1     2     1     1     2     ]
#156  : 28433 8     522   [ 5     4     5     6     4     2     5     2     4     2     3     1     1     2     ]
#157  : 32255 1     513   [ 1     1     1     1     1     1     1     1     1     0     1     1     1     3     ]
#158  : 32254 1     514   [ 0     1     1     1     1     1     1     1     1     0     1     1     1     3     ]
#159  : 17050 4     10658 [ 2     4     2     3     1     3     2     1     1     2     3     2     2     0     ]
#160  : 32255 1     513   [ 1     1     1     1     1     1     1     1     1     0     1     1     1     3     ]
#161  : 26304 8     513   [ 4     4     3     5     4     2     2     1     1     0     3     3     4     0     ]
#162  : 18348 4     8740  [ 2     1     2     2     3     1     1     2     2     2     0     4     2     0     ]
#163  : 23529 4     513   [ 3     1     3     3     4     2     1     2     2     2     1     0     1     2     ]
#164  : 14796 6     4424  [ 4     2     1     4     2     4     4     2     1     1     1     2     0     1     ]
#165  : 25127 4     513   [ 3     2     4     2     4     2     4     1     0     2     1     1     1     2     ]
#166  : 32254 1     514   [ 0     1     1     1     1     1     1     1     1     0     1     1     1     3     ]
#167  : 32255 1     513   [ 1     1     1     1     1     1     1     1     1     0     1     1     1     3     ]
#168  : 32255 1     513   [ 1     1     1     1     1     1     1     1     1     0     1     1     1     3     ]
#169  : 32255 1     513   [ 1     1     1     1     1     1     1     1     1     0     1     1     1     3     ]
#170  : 32255 1     513   [ 1     1     1     1     1     1     1     1     1     0     1     1     1     3     ]
#171  : 31935 2     513   [ 3     2     2     2     0     1     0     1     0     0     1     1     1     3     ]
#172  : 32255 1     513   [ 1     1     1     1     1     1     1     1     1     0     1     1     1     3     ]
#173  : 32255 1     513   [ 1     1     1     1     1     1     1     1     1     0     1     1     1     3     ]
#174  : 32254 1     514   [ 0     1     1     1     1     1     1     1     1     0     1     1     1     3     ]
#175  : 32255 1     513   [ 1     1     1     1     1     1     1     1     1     0     1     1     1     3     ]
#176  : 32252 1     516   [ 0     0     1     1     1     1     1     1     1     0     1     1     1     3     ]
#177  : 32253 1     515   [ 1     0     1     1     1     1     1     1     1     0     1     1     1     3     ]
#178  : 32255 1     513   [ 1     1     1     1     1     1     1     1     1     0     1     1     1     3     ]
#179  : 32255 1     513   [ 1     1     1     1     1     1     1     1     1     0     1     1     1     3     ]
#180  : 32255 1     513   [ 1     1     1     1     1     1     1     1     1     0     1     1     1     3     ]
#181  : 32255 1     513   [ 1     1     1     1     1     1     1     1     1     0     1     1     1     3     ]
#182  : 32255 1     513   [ 1     1     1     1     1     1     1     1     1     0     1     1     1     3     ]
#183  : 32255 1     513   [ 1     1     1     1     1     1     1     1     1     0     1     1     1     3     ]
#184  : 31931 10    566   [ 7     2     0     0     1     1     0     1     0     0     1     1     1     3     ]
#185  : 32254 2     513   [ 2     2     2     2     2     2     2     0     1     0     1     1     1     3     ]
#186  : 32251 1     517   [ 1     1     0     1     1     1     1     1     1     0     1     1     1     3     ]
#187  : 32224 2     513   [ 2     1     1     1     1     0     1     1     1     0     1     1     1     3     ]
#188  : 32254 1     514   [ 0     1     1     1     1     1     1     1     1     0     1     1     1     3     ]
#189  : 32255 1     513   [ 1     1     1     1     1     1     1     1     1     0     1     1     1     3     ]
#190  : 13426 3     11110 [ 0     1     0     0     1     1     1     0     0     0     1     0     1     1     ]
#191  : 32255 1     513   [ 1     1     1     1     1     1     1     1     1     0     1     1     1     3     ]
#192  : 32255 1     513   [ 1     1     1     1     1     1     1     1     1     0     1     1     1     3     ]
#193  : 32255 1     513   [ 1     1     1     1     1     1     1     1     1     0     1     1     1     3     ]
#194  : 32233 1     535   [ 1     0     0     1     0     1     1     1     1     0     1     1     1     3     ]
#195  : 14069 3     1027  [ 3     1     0     2     2     2     2     2     1     2     0     2     2     0     ]
