   1       0 ram0 0 0 0 0 0 0 0 0 0 0 0
   1       1 ram1 0 0 0 0 0 0 0 0 0 0 0
   1       2 ram2 0 0 0 0 0 0 0 0 0 0 0
   1       3 ram3 0 0 0 0 0 0 0 0 0 0 0
   1       4 ram4 0 0 0 0 0 0 0 0 0 0 0
   1       5 ram5 0 0 0 0 0 0 0 0 0 0 0
   1       6 ram6 0 0 0 0 0 0 0 0 0 0 0
   1       7 ram7 0 0 0 0 0 0 0 0 0 0 0
   1       8 ram8 0 0 0 0 0 0 0 0 0 0 0
   1       9 ram9 0 0 0 0 0 0 0 0 0 0 0
   1      10 ram10 0 0 0 0 0 0 0 0 0 0 0
   1      11 ram11 0 0 0 0 0 0 0 0 0 0 0
   1      12 ram12 0 0 0 0 0 0 0 0 0 0 0
   1      13 ram13 0 0 0 0 0 0 0 0 0 0 0
   1      14 ram14 0 0 0 0 0 0 0 0 0 0 0
   1      15 ram15 0 0 0 0 0 0 0 0 0 0 0
   7       0 loop0 0 0 0 0 0 0 0 0 0 0 0
   7       1 loop1 0 0 0 0 0 0 0 0 0 0 0
   7       2 loop2 0 0 0 0 0 0 0 0 0 0 0
   7       3 loop3 0 0 0 0 0 0 0 0 0 0 0
   7       4 loop4 0 0 0 0 0 0 0 0 0 0 0
   7       5 loop5 0 0 0 0 0 0 0 0 0 0 0
   7       6 loop6 0 0 0 0 0 0 0 0 0 0 0
   7       7 loop7 0 0 0 0 0 0 0 0 0 0 0
 254       0 zram0 0 0 0 0 0 0 0 0 0 0 0
 179       0 mmcblk0 744860 173878 48324852 2757180 671262 15007 14635838 6152380 0 979160 8914990
 179       1 mmcblk0p1 329 97 110082 1290 0 0 0 0 0 950 1290
 179       2 mmcblk0p2 0 0 0 0 0 0 0 0 0 0 0
 179       3 mmcblk0p3 1 0 16 0 0 0 0 0 0 0 0
 179       4 mmcblk0p4 0 0 0 0 0 0 0 0 0 0 0
 179       5 mmcblk0p5 0 0 0 0 0 0 0 0 0 0 0
 179       6 mmcblk0p6 0 0 0 0 0 0 0 0 0 0 0
 179       7 mmcblk0p7 0 0 0 0 0 0 0 0 0 0 0
 179       8 mmcblk0p8 0 0 0 0 0 0 0 0 0 0 0
 179       9 mmcblk0p9 0 0 0 0 0 0 0 0 0 0 0
 179      10 mmcblk0p10 0 0 0 0 0 0 0 0 0 0 0
 179      11 mmcblk0p11 0 0 0 0 0 0 0 0 0 0 0
 179      12 mmcblk0p12 35 46 1842 130 0 0 0 0 0 100 130
 179      13 mmcblk0p13 1 0 32 0 12 1524 12288 260 0 130 260
 179      14 mmcblk0p14 7 0 3072 0 9 1143 9216 400 0 180 400
 179      15 mmcblk0p15 0 0 0 0 0 0 0 0 0 0 0
 179      16 mmcblk0p16 0 0 0 0 0 0 0 0 0 0 0
 179      17 mmcblk0p17 0 0 0 0 0 0 0 0 0 0 0
 179      18 mmcblk0p18 0 0 0 0 0 0 0 0 0 0 0
 179      19 mmcblk0p19 0 0 0 0 0 0 0 0 0 0 0
 179      20 mmcblk0p20 0 0 0 0 0 0 0 0 0 0 0
 179      21 mmcblk0p21 0 0 0 0 0 0 0 0 0 0 0
 179      22 mmcblk0p22 64 0 65536 920 0 0 0 0 0 510 920
 179      23 mmcblk0p23 0 0 0 0 0 0 0 0 0 0 0
 179      24 mmcblk0p24 134818 173587 14280680 1199030 0 0 0 0 0 126070 1202670
 179      25 mmcblk0p25 18 3 162 10 18 19 304 10 0 20 20
 179      26 mmcblk0p26 77 46 1370 210 12728 12317 200432 109890 0 93370 110050
 179      27 mmcblk0p27 0 0 0 0 0 0 0 0 0 0 0
 179      28 mmcblk0p28 0 0 0 0 0 0 0 0 0 0 0
 179      29 mmcblk0p29 10 0 248 20 2 0 16 0 0 20 20
 179      30 mmcblk0p30 1 0 2 0 0 0 0 0 0 0 0
 179      31 mmcblk0p31 0 0 0 0 0 0 0 0 0 0 0
 259       0 mmcblk0p32 0 0 0 0 0 0 0 0 0 0 0
 259       1 mmcblk0p33 0 0 0 0 0 0 0 0 0 0 0
 259       2 mmcblk0p34 0 0 0 0 0 0 0 0 0 0 0
 259       3 mmcblk0p35 0 0 0 0 0 0 0 0 0 0 0
 259       4 mmcblk0p36 0 0 0 0 0 0 0 0 0 0 0
 259       5 mmcblk0p37 0 0 0 0 0 0 0 0 0 0 0
 259       6 mmcblk0p38 0 0 0 0 0 0 0 0 0 0 0
 259       7 mmcblk0p39 0 0 0 0 0 0 0 0 0 0 0
 259       8 mmcblk0p40 0 0 0 0 0 0 0 0 0 0 0
 259       9 mmcblk0p41 0 0 0 0 0 0 0 0 0 0 0
 259      10 mmcblk0p42 0 0 0 0 0 0 0 0 0 0 0
 259      11 mmcblk0p43 0 0 0 0 0 0 0 0 0 0 0
 259      12 mmcblk0p44 0 0 0 0 0 0 0 0 0 0 0
 259      13 mmcblk0p45 0 0 0 0 0 0 0 0 0 0 0
 259      14 mmcblk0p46 0 0 0 0 0 0 0 0 0 0 0
 259      15 mmcblk0p47 0 0 0 0 0 0 0 0 0 0 0
 259      16 mmcblk0p48 386 99 6834 420 0 0 0 0 0 280 410
 259      17 mmcblk0p49 609107 0 33854928 1555150 449226 4 14413582 5837890 0 720990 7392400
 179      32 mmcblk0rpmb 0 0 0 0 0 0 0 0 0 0 0
 253       0 dm-0 128890 0 12578056 1295330 0 0 0 0 0 139080 1308000
 253       1 dm-1 609087 10259 33854636 2124490 599091 432278 14413577 7729160 0 916880 9848420
