version 15
timestamp 4296384621
cpu0 289287 0 22002336 3423116 17541578 10225961 5676665696322 4210817386073 17815221
domain0 0f 26376 22251 292 3529154 4595 1236 1 22250 1614 1306 157 724220 192 0 0 1306 180974 60594 69927 173363599 50453 19973 287 60307 0 0 0 0 0 0 0 0 0 288363 0 0
cpu1 290581 0 14866152 2291264 8151698 4233120 5172198598788 3793285877473 11877998
domain0 0f 18874 14638 379 3333352 4646 1437 2 14636 2026 1529 256 731192 336 0 0 1529 132745 19602 59793 193320719 53350 19903 196 19406 0 0 0 0 0 0 0 0 0 185142 0 0
cpu2 289456 0 13647092 2077331 7356299 3706682 4973476360288 3586315487215 10910214
domain0 0f 14740 11653 327 2213098 3298 1064 1 11652 2368 1778 329 792372 375 0 1 1777 135770 17643 58875 206370680 59252 20906 208 17435 0 0 0 0 0 0 0 0 0 185911 0 0
cpu3 269107 0 12848209 1970836 6833509 3267636 5007781730042 3398276492045 10266846
domain0 0f 14381 11379 325 2183018 3169 1024 1 11378 2382 1710 328 874409 484 0 2 1708 146522 17575 61679 197324760 67268 23098 242 17333 0 0 0 0 0 0 0 0 0 186409 0 0
