                    CPU0       CPU1       CPU2       CPU3       
          HI:       3599          0        766       2064
       TIMER:     907889     756998     695581     672138
      NET_TX:       6190        156        893       2131
      NET_RX:     196911     147062     123516      88903
       BLOCK:    2584699          0        766       2063
BLOCK_IOPOLL:       2256          0        766       2063
     TASKLET:     584291     119929     131349     135690
       SCHED:     639120     539076     475855     433351
     HRTIMER:        797        592        580        568
         RCU:     696602     606818     564127     554318
