cpu  1094486 133397 769049 1163133 16837 41 40273 0 0 0
cpu0 283338 36674 220022 856856 16260 30 21729 0 0 0
cpu1 273422 33572 186736 102225 251 3 10467 0 0 0
cpu2 267474 33032 178434 101639 193 5 5182 0 0 0
cpu3 270252 30119 183857 102413 133 3 2895 0 0 0
cpu4 267474 33032 178434 101639 193 5 5182 0 0 0
cpu5 270252 30119 183857 102413 133 3 2895 0 0 0
cpu6 267474 33032 178434 101639 193 5 5182 0 0 0
cpu7 270252 30119 183857 102413 133 3 2895 0 0 0
cpu8 267474 33032 178434 101639 193 5 5182 0 0 0
cpu9 270252 30119 183857 102413 133 3 2895 0 0 0
cpu10 267474 33032 178434 101639 193 5 5182 0 0 0
cpu11 270252 30119 183857 102413 133 3 2895 0 0 0
intr 25107128 0 0 0 3562252 0 2155506 1 0 0 0 0 0 0 0 0 0 0 0 0 0 0 0 0 0 0 0 0 0 0 0 0 0 0 0 0 0 0 0 0 0 0 0 0 0 0 0 0 0 0 0 0 0 0 0 0 0 0 0 0 0 0 0 0 0 0 0 0 0 966 0 0 0 273379 0 0 0 0 0 0 0 0 0 0 0 0 0 0 0 0 0 0 0 0 0 0 0 0 0 0 0 0 0 0 0 0 0 0 0 0 0 0 0 0 0 0 0 0 0 0 0 0 0 0 0 0 0 0 0 0 0 0 0 0 0 0 0 0 0 0 0 0 0 0 2 2 0 0 11 10 0 2 97 1788257 12699 0 0 0 0 5 5 6 0 0 2345 380463 9280 0 1517 0 21 0 73 820900 101979 470192 706292 52 0 0 0 0 1 1 0 0 0 0 0 0 0 0 44 0 0 0 0 0 0 0 1 0 0 0 6 87374 0 0 2674 14 10154 0 17998 0 1119515 0 20 0 0 1512072 5169 33150 5100 0 0 0 10 0 0 0 0 0 0 0 0 0 0 0 0 0 0 0 0 0 0 0 0 0 0 0 0 0 0 0 0 0 0 0 0 0 0 0 0 0 0 0 0 0 0 0 0 0 0 0 0 0 0 0 0 0 0 0 0 0 0 0 0 0 0 0 0 0 0 0 0 0 0 0 0 0 0 0 0 0 0 0 0 0 0 0 0 0 0 0 0 0 0 0 0 0 0 0 0 0 0 0 0 0 0 0 0 0 0 0 0 0 0 0 0 0 0 0 0 0 0 0 0 0 0 0 0 0 0 0 0 0 0 0 0 0 0 0 0 0 0 0 0 0 0 0 0 0 0 0 0 0 0 0 1 1 0 0 0 0 0 0 0 0 0 0 0 0 0 0 0 0 0 0 0 0 0 0 0 0 0 0 0 0 0 0 1 1 0 0 0 0 0 0 0 0 0 0 0 0 0 0 0 0 0 0 0 0 0 0 0 0 0 0 0 0 0 0 1 1 0 0 0 0 0 0 0 0 0 0 0 0 0 0 0 0 0 0 0 0 0 0 0 0 0 0 0 0 0 0
ctxt 60600309
btime 1658056575
processes 293047
procs_running 1
procs_blocked 0
softirq 11680481 6429 3032609 9370 556392 2587528 5085 971259 2087405 2537 2421867
